Wall time,Step,Value
1691231623.7951014,1649,0.32460734248161316
1691231811.9289205,3299,0.15651868283748627
1691231982.4859219,4949,0.12991200387477875
1691232176.4939418,6599,0.11659036576747894
1691232350.9489083,8249,0.10617194324731827
1691232546.9502656,9899,0.10326354205608368
1691232736.582834,11549,0.09859252721071243
1691232945.1702569,13199,0.09426318854093552
1691233132.438976,14849,0.09096848964691162
1691233318.766742,16499,0.0873943418264389
1691233485.9797857,18149,0.08531679213047028
1691233663.393793,19799,0.08342458307743073
1691233828.2198532,21449,0.08322541415691376
1691234005.761559,23099,0.07926534861326218
1691234165.7948658,24749,0.07719128578901291
1691234343.9054918,26399,0.07656736671924591
1691234502.2593195,28049,0.07579337805509567
1691234678.057891,29699,0.07651104778051376
1691234849.842013,31349,0.07487879693508148
1691235025.9768374,32999,0.07414526492357254
