Wall time,Step,Value
1691149220.1427898,1649,0.34810638427734375
1691149397.929291,3299,0.1680191457271576
1691149562.9918761,4949,0.142736554145813
1691149731.4211385,6599,0.12539422512054443
1691149897.8771417,8249,0.11378343403339386
1691150079.7347271,9899,0.11148436367511749
1691150259.7834876,11549,0.10367948561906815
1691150432.6441863,13199,0.10066602379083633
1691150595.7135885,14849,0.09717598557472229
1691150762.7964108,16499,0.09191297739744186
1691150925.8972287,18149,0.09094388782978058
1691151091.8886623,19799,0.08933250606060028
1691151254.8150203,21449,0.08765867352485657
1691151430.5893557,23099,0.08489437401294708
1691151595.1532173,24749,0.08324121683835983
1691151766.3815825,26399,0.08285779505968094
1691151936.5662382,28049,0.08216424286365509
1691152113.7819173,29699,0.08039534837007523
1691152282.2494743,31349,0.07669106125831604
1691152454.2784407,32999,0.07630757987499237
