Wall time,Step,Value
1691145755.9141998,1649,0.3173317313194275
1691145936.28274,3299,0.15402519702911377
1691146108.4465485,4949,0.12666213512420654
1691146285.7501163,6599,0.11623132228851318
1691146462.070966,8249,0.10966436564922333
1691146635.926497,9899,0.1028057336807251
1691146808.305763,11549,0.09744208306074142
1691146984.441013,13199,0.0942598506808281
1691147152.8733141,14849,0.08983808755874634
1691147329.7739904,16499,0.086850106716156
1691147498.2954228,18149,0.08454293012619019
1691147668.7192285,19799,0.0852886512875557
1691147827.8791604,21449,0.0828460082411766
1691147988.0796895,23099,0.08198083192110062
1691148145.1050048,24749,0.0793127790093422
1691148305.675247,26399,0.07789625972509384
1691148470.7560081,28049,0.07782217115163803
1691148656.4753284,29699,0.0751490518450737
1691148828.4893703,31349,0.07505525648593903
1691149003.4192019,32999,0.07445327192544937
