Wall time,Step,Value
1691224051.343513,1649,0.3284330666065216
1691224255.4076257,3299,0.15763340890407562
1691224440.1621723,4949,0.1315978616476059
1691224642.3865907,6599,0.11802264302968979
1691224825.222987,8249,0.1111348494887352
1691225027.7538528,9899,0.1039196103811264
1691225211.0262702,11549,0.10117121785879135
1691225412.528316,13199,0.0968296229839325
1691225597.6910887,14849,0.09383706003427505
1691225803.5598712,16499,0.0881471335887909
1691225989.7547414,18149,0.08697815984487534
1691226195.906652,19799,0.08277013897895813
1691226380.8602266,21449,0.08140630275011063
1691226593.949383,23099,0.08090697228908539
1691226790.34469,24749,0.07956981658935547
1691226998.8252692,26399,0.07643446326255798
1691227182.0337183,28049,0.07723352313041687
1691227368.7239928,29699,0.07678811252117157
1691227537.8302555,31349,0.07547406852245331
1691227746.436969,32999,0.07370635867118835
