Wall time,Step,Value
1691152670.545832,1649,0.3395562171936035
1691152841.5396242,3299,0.15613941848278046
1691153014.0134447,4949,0.1277378648519516
1691153187.7573707,6599,0.11868444085121155
1691153366.279077,8249,0.1088685393333435
1691153547.4965878,9899,0.1020030602812767
1691153721.5333583,11549,0.09650589525699615
1691153901.4375138,13199,0.09450826793909073
1691154072.7348838,14849,0.09103502333164215
1691154252.2662752,16499,0.08945456892251968
1691154417.8304243,18149,0.08686728030443192
1691154587.9634433,19799,0.0863066017627716
1691154761.6327713,21449,0.08307556807994843
1691154940.66139,23099,0.08151108026504517
1691155110.229609,24749,0.08042346686124802
1691155278.3931358,26399,0.0788525864481926
1691155463.9665885,28049,0.0767500177025795
1691155643.4477139,29699,0.07682199776172638
1691155817.433158,31349,0.07706266641616821
1691155998.4961777,32999,0.07695566862821579
