Wall time,Step,Value
1691156225.8192556,1649,0.36721929907798767
1691156409.32742,3299,0.16620968282222748
1691156588.6957073,4949,0.14161556959152222
1691156774.22897,6599,0.1241278424859047
1691156970.4663036,8249,0.11492188274860382
1691157149.3500433,9899,0.11331150680780411
1691157335.3947425,11549,0.10289305448532104
1691157529.320292,13199,0.10237649828195572
1691157718.4172475,14849,0.09626886248588562
1691157908.1064758,16499,0.09553994238376617
1691158087.4653947,18149,0.09334263950586319
1691158263.980878,19799,0.08826755732297897
1691158424.8195152,21449,0.0883784070611
1691158590.8749156,23099,0.08656264841556549
1691158751.5602436,24749,0.08501721918582916
1691158916.8648865,26399,0.08681423217058182
1691159086.953023,28049,0.08236407488584518
1691159274.4806163,29699,0.08088859170675278
1691159445.114239,31349,0.08172976970672607
1691159622.6350758,32999,0.07899793237447739
