Wall time,Step,Value
1691227963.3641622,1649,0.33145806193351746
1691228162.5424693,3299,0.16170434653759003
1691228345.0070708,4949,0.13654150068759918
1691228550.8446665,6599,0.12074268609285355
1691228728.293351,8249,0.11363834142684937
1691228927.201368,9899,0.10657976567745209
1691229107.2651231,11549,0.10379438102245331
1691229315.5034761,13199,0.09684067219495773
1691229478.325323,14849,0.0929560735821724
1691229657.5943005,16499,0.09285524487495422
1691229819.0276508,18149,0.08894845843315125
1691229996.1727657,19799,0.08708124607801437
1691230165.8383012,21449,0.08472853153944016
1691230345.8748603,23099,0.08412640541791916
1691230506.7940433,24749,0.08184779435396194
1691230688.7582116,26399,0.08083662390708923
1691230851.4408588,28049,0.07822269201278687
1691231051.6511056,29699,0.07822404056787491
1691231222.6413171,31349,0.07751651853322983
1691231410.5764277,32999,0.07661855220794678
