Wall time,Step,Value
1691219968.076413,1649,0.3067953288555145
1691220173.9487789,3299,0.1599215865135193
1691220356.1382024,4949,0.13517625629901886
1691220558.5217116,6599,0.1170354038476944
1691220747.6203861,8249,0.1103738397359848
1691220954.8547642,9899,0.10498395562171936
1691221148.469014,11549,0.09905241429805756
1691221378.4926426,13199,0.09675103425979614
1691221573.79151,14849,0.09376580268144608
1691221827.284719,16499,0.08894394338130951
1691222049.627786,18149,0.0870751142501831
1691222252.9316578,19799,0.08501594513654709
1691222434.9402175,21449,0.0852544829249382
1691222642.549427,23099,0.08291469514369965
1691222831.2788754,24749,0.08047676086425781
1691223035.9460435,26399,0.07806165516376495
1691223220.7591064,28049,0.07804115861654282
1691223430.3743877,29699,0.07622209936380386
1691223616.7771666,31349,0.07559074461460114
1691223820.1486979,32999,0.07379131764173508
