Wall time,Step,Value
1691141453.4351935,1649,0.3425261080265045
1691141629.6997848,3299,0.16170920431613922
1691141797.9898999,4949,0.1414899080991745
1691141970.8903344,6599,0.12275376915931702
1691142139.115478,8249,0.11238457262516022
1691142311.30067,9899,0.10445696860551834
1691142486.6986756,11549,0.10179946571588516
1691142662.3044744,13199,0.09805793315172195
1691142832.371941,14849,0.09575583040714264
1691143009.6220367,16499,0.09049881249666214
1691143171.0475285,18149,0.08880411088466644
1691143337.63212,19799,0.08555109798908234
1691143496.1007507,21449,0.08328849077224731
1691143657.6109726,23099,0.08383367210626602
1691143815.8914914,24749,0.07997971028089523
1691143977.5109663,26399,0.08140289038419724
1691144135.6246772,28049,0.07934803515672684
1691144298.2302587,29699,0.0779699832201004
1691144457.189461,31349,0.07588952034711838
1691144619.0187979,32999,0.07544753700494766
