Wall time,Step,Value
1691235242.019469,1649,0.3533240556716919
1691235429.997682,3299,0.16230709850788116
1691235599.7317247,4949,0.13723763823509216
1691235787.4906986,6599,0.12569090723991394
1691235955.718539,8249,0.11246190220117569
1691236142.6602275,9899,0.10628394782543182
1691236319.505419,11549,0.10296759754419327
1691236517.4993272,13199,0.09926590323448181
1691236689.1984189,14849,0.09477885812520981
1691236877.3783228,16499,0.09206537157297134
1691237046.946751,18149,0.0907033383846283
1691237234.3429425,19799,0.08917689323425293
1691237408.5371945,21449,0.08648045361042023
1691237616.9673254,23099,0.08517999202013016
1691237797.3961544,24749,0.083035409450531
1691238017.5072641,26399,0.0811542272567749
1691238240.4996262,28049,0.08125273883342743
1691238456.9141562,29699,0.07930071651935577
1691238667.5263844,31349,0.07694119215011597
1691238903.6062582,32999,0.07727977633476257
